MODE	BINARY		TAG		INDEX		BLOCK OFFSET
------------------------------------------------------------------------------
Write  011000		01100				0
Write  000010		00001				0
Modify 101101		10110				1
Read   011011		01101				1
Modify 101101		10110				1
Write  110110		11011				0
Read   011100		01110				0
Modify 010111		01011				1
Write  110010		11001				0
Modify 100010		10001				0
Write  001001		00100				1
Modify 001111		00111				1
Modify 000010		00001				0
Modify 100011		10001				1
Read   011000		01100				0
Read   110111		11011				1
Modify 010011		01001				1
Modify 011010		01101				0
Modify 001001		00100				1
Modify 101110		10111				0
Read   111010		11101				0
Modify 001110		00111				0
Modify 001101		00110				1
Read   010111		01011				1
Read   010010		01001				0
Read   011010		01101				0
Read   100011		10001				1
Modify 011011		01101				1
Write  011010		01101				0
Read   101011		10101				1
Modify 010100		01010				0
Read   101000		10100				0
Write  110111		11011				1
Modify 001110		00111				0
Write  101010		10101				0
Write  001011		00101				1
Read   111010		11101				0
Write  010001		01000				1
Modify 001101		00110				1
Modify 010101		01010				1
Read   111110		11111				0
Write  101110		10111				0
Read   011111		01111				1
Write  010000		01000				0
Read   010010		01001				0
Modify 001100		00110				0
Read   110000		11000				0
Read   001101		00110				1
Read   110000		11000				0
Write  001110		00111				0
Read   000010		00001				0
Write  110000		11000				0
Flush  
Read   111101		11110				1
Write  101011		10101				1
Modify 011110		01111				0
Read   000101		00010				1
Read   011111		01111				1
Modify 101100		10110				0
Modify 101000		10100				0
Read   101010		10101				0
Read   101111		10111				1
Write  011101		01110				1
Write  011111		01111				1
Write  111110		11111				0
Modify 011011		01101				1
Write  110111		11011				1
Read   001111		00111				1
Modify 100101		10010				1
Modify 011001		01100				1
Write  101001		10100				1
Modify 001100		00110				0
Write  101110		10111				0
Modify 011000		01100				0
Write  001101		00110				1
Write  001100		00110				0
Modify 101000		10100				0
Modify 000110		00011				0
Read   101011		10101				1
Modify 001100		00110				0
Read   010001		01000				1
Write  010111		01011				1
Modify 010001		01000				1
Write  001011		00101				1
Read   010111		01011				1
Write  101101		10110				1
Modify 110010		11001				0
Read   010001		01000				1
Write  011010		01101				0
Modify 000110		00011				0
Write  100010		10001				0
Modify 001010		00101				0
Read   010101		01010				1
Read   111110		11111				0
Read   010011		01001				1
Modify 101100		10110				0
Read   000011		00001				1
Write  011010		01101				0
Modify 101011		10101				1
Modify 101111		10111				1
Modify 011001		01100				1
Read   110001		11000				1
Modify 110000		11000				0
Flush  
Write  111101		11110				1
Read   010010		01001				0
Modify 110101		11010				1
Write  111010		11101				0
Modify 011100		01110				0
Modify 001001		00100				1
Write  001100		00110				0
Modify 111100		11110				0
Read   011011		01101				1
Modify 111100		11110				0
Read   010100		01010				0
Read   000111		00011				1
Modify 010101		01010				1
Modify 110101		11010				1
Modify 001111		00111				1
Read   101001		10100				1
Write  001001		00100				1
Modify 111010		11101				0
Read   110010		11001				0
Read   111110		11111				0
Modify 010111		01011				1
Write  110011		11001				1
Modify 011100		01110				0
Write  100101		10010				1
Read   111110		11111				0
Write  101100		10110				0
Write  101101		10110				1
Read   111111		11111				1
Modify 111000		11100				0
Write  010110		01011				0
Write  011111		01111				1
Read   000000		00000				0
Read   100010		10001				0
Read   101010		10101				0
Read   110010		11001				0
Write  010101		01010				1
Read   101111		10111				1
Read   010000		01000				0
Modify 110101		11010				1
Read   010110		01011				0
Read   101101		10110				1
Write  011000		01100				0
Write  001000		00100				0
Read   001010		00101				0
Read   100010		10001				0
Write  001001		00100				1
Modify 000100		00010				0
Modify 110011		11001				1
Modify 101100		10110				0
Modify 110101		11010				1
Write  100011		10001				1
Read   111000		11100				0
Modify 111010		11101				0
Flush  
Modify 011100		01110				0
Write  101000		10100				0
Modify 011010		01101				0
Modify 000111		00011				1
Write  001000		00100				0
Modify 100000		10000				0
Modify 101110		10111				0
Modify 110101		11010				1
Read   001110		00111				0
Write  110011		11001				1
Read   011011		01101				1
Read   011100		01110				0
Modify 100101		10010				1
Write  000000		00000				0
Write  010011		01001				1
Modify 111000		11100				0
Write  001111		00111				1
Read   000011		00001				1
Write  011110		01111				0
Read   100010		10001				0
Write  100000		10000				0
Read   100111		10011				1
Modify 010000		01000				0
Read   001011		00101				1
Write  100110		10011				0
Write  101111		10111				1
Write  010010		01001				0
Modify 000110		00011				0
Modify 010111		01011				1
Read   100000		10000				0
Modify 000000		00000				0
Read   101000		10100				0
Write  010010		01001				0
Read   010001		01000				1
Write  001001		00100				1
Read   110110		11011				0
Read   101100		10110				0
Read   111001		11100				1
Read   101011		10101				1
Read   011011		01101				1
Modify 011000		01100				0
Write  010111		01011				1
Read   111101		11110				1
Read   111100		11110				0
Modify 010000		01000				0
Write  100001		10000				1
Modify 001000		00100				0
Write  001110		00111				0
Write  011011		01101				1
Read   010000		01000				0
Modify 101010		10101				0
Write  001000		00100				0
Write  011000		01100				0
Modify 101101		10110				1
Write  010110		01011				0
Flush  
Write  001100		00110				0
Read   110010		11001				0
Write  111100		11110				0
Read   111001		11100				1
Write  011101		01110				1
Modify 001001		00100				1
Modify 010101		01010				1
Modify 110101		11010				1
Read   011000		01100				0
Write  100011		10001				1
Write  111001		11100				1
Modify 100011		10001				1
Write  001110		00111				0
Modify 010001		01000				1
Write  111011		11101				1
Write  001110		00111				0
Read   110001		11000				1
Write  011001		01100				1
Modify 111111		11111				1
Modify 111001		11100				1
Write  111001		11100				1
Write  100101		10010				1
Modify 100001		10000				1
Write  011111		01111				1
Modify 000111		00011				1
Read   000110		00011				0
Write  011100		01110				0
Read   110010		11001				0
Write  100000		10000				0
Read   111101		11110				1
Read   011011		01101				1
Read   110100		11010				0
Write  111001		11100				1
Write  100000		10000				0
Read   000010		00001				0
Read   011111		01111				1
Write  010111		01011				1
Write  000001		00000				1
Read   010000		01000				0
Modify 011000		01100				0
Modify 101110		10111				0
Write  110010		11001				0
