MODE	         BINARY			TAG		INDEX		BLOCK OFFSET
---------------------------------------------------------------------------------------------
Modify		11110100		111		1010		   0
Modify		00100110		001		0011		   0
Modify		00101101		001		0110		   1
Write		01100011		011		0001		   1
Modify		01000111		010		0011		   1
Read		11100001		111		0000		   1
Modify		00011110		000		1111		   0
Read		00010000		000		1000		   0
Read		00111101		001		1110		   1
Modify		01100100		011		0010		   0
Modify		01011100		010		1110		   0
Write		11111011		111		1101		   1
Modify		00100111		001		0011		   1
Read		10000000		100		0000		   0
Read		01000001		010		0000		   1
Modify		01001111		010		0111		   1
Modify		10001001		100		0100		   1
Read		11011001		110		1100		   1
Write		10011100		100		1110		   0
Write		01001010		010		0101		   0
Read		10011011		100		1101		   1
Read		01101010		011		0101		   0
Modify		00101110		001		0111		   0
Modify		11000001		110		0000		   1
Write		11001000		110		0100		   0
Read		11111111		111		1111		   1
Read		00101101		001		0110		   1
Modify		10011011		100		1101		   1
Modify		00110010		001		1001		   0
Modify		10111001		101		1100		   1
Write		11000100		110		0010		   0
Modify		01010001		010		1000		   1
Read		00101100		001		0110		   0
Write		10001110		100		0111		   0
Write		10010001		100		1000		   1
Write		01110100		011		1010		   0
Write		10111111		101		1111		   1
Modify		11000110		110		0011		   0
Read		00100111		001		0011		   1
Read		00100111		001		0011		   1
Read		00100110		001		0011		   0
Read		01111111		011		1111		   1
Read		10001010		100		0101		   0
Modify		10100000		101		0000		   0
Modify		01010010		010		1001		   0
Write		00101010		001		0101		   0
Write		10110101		101		1010		   1
Write		10101011		101		0101		   1
Modify		01100110		011		0011		   0
Modify		00001011		000		0101		   1
Read		00010111		000		1011		   1
Modify		00101000		001		0100		   0
Write		00111100		001		1110		   0
Write		10111101		101		1110		   1
Modify		00010001		000		1000		   1
Write		10001000		100		0100		   0
Modify		11011110		110		1111		   0
Write		10101100		101		0110		   0
Modify		01111001		011		1100		   1
Modify		01010100		010		1010		   0
Modify		00001101		000		0110		   1
Modify		10011001		100		1100		   1
Read		00011011		000		1101		   1
Modify		10100110		101		0011		   0
Write		10111110		101		1111		   0
Read		00011001		000		1100		   1
Write		00110011		001		1001		   1
Read		10101101		101		0110		   1
Read		10011000		100		1100		   0
Write		00010110		000		1011		   0
Write		11110100		111		1010		   0
Write		00101101		001		0110		   1
Modify		01111000		011		1100		   0
Read		01001101		010		0110		   1
Modify		00000101		000		0010		   1
Read		11111101		111		1110		   1
Read		11101110		111		0111		   0
Modify		11001111		110		0111		   1
Write		11111110		111		1111		   0
Read		10001000		100		0100		   0
Modify		10111101		101		1110		   1
Write		10000000		100		0000		   0
Modify		11101111		111		0111		   1
Modify		01001100		010		0110		   0
Modify		01011110		010		1111		   0
Write		10011011		100		1101		   1
Read		11011001		110		1100		   1
Modify		01011110		010		1111		   0
Read		01111101		011		1110		   1
Write		00101100		001		0110		   0
Write		00110011		001		1001		   1
Modify		11100100		111		0010		   0
Write		01111010		011		1101		   0
Modify		10010100		100		1010		   0
Write		01100111		011		0011		   1
Write		10011001		100		1100		   1
Read		11101001		111		0100		   1
Read		00001000		000		0100		   0
Write		01010010		010		1001		   0
Write		01001101		010		0110		   1
Read		00010011		000		1001		   1
Write		00010010		000		1001		   0
Modify		11000111		110		0011		   1
Read		01100011		011		0001		   1
Write		01110100		011		1010		   0
Modify		00001111		000		0111		   1
Modify		00001101		000		0110		   1
Read		01010001		010		1000		   1
Write		00111011		001		1101		   1
Read		10101111		101		0111		   1
Modify		01011100		010		1110		   0
Modify		00100011		001		0001		   1
Modify		11001101		110		0110		   1
Write		01111001		011		1100		   1
Modify		01100100		011		0010		   0
Read		11111000		111		1100		   0
Read		01000001		010		0000		   1
Modify		01000100		010		0010		   0
Write		11000111		110		0011		   1
Modify		10000011		100		0001		   1
Modify		11100101		111		0010		   1
Write		10111111		101		1111		   1
Write		10011010		100		1101		   0
Read		10001011		100		0101		   1
Write		10111000		101		1100		   0
Write		11101010		111		0101		   0
Modify		11101000		111		0100		   0
Read		01101100		011		0110		   0
Read		11101110		111		0111		   0
Write		10011010		100		1101		   0
Write		00101110		001		0111		   0
Write		10010100		100		1010		   0
Modify		01101111		011		0111		   1
Write		11111001		111		1100		   1
Read		11100000		111		0000		   0
Write		00000111		000		0011		   1
Modify		01011000		010		1100		   0
Write		00000100		000		0010		   0
Write		11100010		111		0001		   0
Modify		11011100		110		1110		   0
Modify		01111001		011		1100		   1
Write		00001011		000		0101		   1
Write		00010000		000		1000		   0
Modify		10111101		101		1110		   1
Modify		11010110		110		1011		   0
Write		00110100		001		1010		   0
Write		10110111		101		1011		   1
Write		01101011		011		0101		   1
Modify		00100110		001		0011		   0
Write		11111001		111		1100		   1
Write		00011010		000		1101		   0
Write		00110111		001		1011		   1
Read		01010110		010		1011		   0
Modify		10100101		101		0010		   1
Modify		11101110		111		0111		   0
Modify		10001010		100		0101		   0
Read		00000111		000		0011		   1
Write		11011011		110		1101		   1
Read		11011110		110		1111		   0
Read		01011110		010		1111		   0
Read		00001100		000		0110		   0
Modify		00001111		000		0111		   1
Write		00001000		000		0100		   0
Read		11000011		110		0001		   1
Write		11101101		111		0110		   1
Modify		00001011		000		0101		   1
Modify		01111101		011		1110		   1
Read		01011011		010		1101		   1
Read		01100110		011		0011		   0
Write		01101100		011		0110		   0
Write		11000101		110		0010		   1
Modify		11011110		110		1111		   0
Write		11101001		111		0100		   1
Modify		00100010		001		0001		   0
Write		01011001		010		1100		   1
Modify		10010111		100		1011		   1
Write		00011000		000		1100		   0
Modify		11110011		111		1001		   1
Write		00100111		001		0011		   1
Read		11100101		111		0010		   1
Modify		01001100		010		0110		   0
Modify		11111001		111		1100		   1
Modify		00010010		000		1001		   0
Modify		10111011		101		1101		   1
Modify		00010001		000		1000		   1
Read		00011111		000		1111		   1
Read		01101111		011		0111		   1
Modify		00100000		001		0000		   0
Write		10100111		101		0011		   1
Read		10101000		101		0100		   0
Write		10001001		100		0100		   1
Write		10110000		101		1000		   0
Write		10000011		100		0001		   1
Read		10101000		101		0100		   0
Write		00011110		000		1111		   0
Modify		00011001		000		1100		   1
Read		11001011		110		0101		   1
Write		10001001		100		0100		   1
Read		11100000		111		0000		   0
Read		10011111		100		1111		   1
Write		11011110		110		1111		   0
Write		10000111		100		0011		   1
Write		11110101		111		1010		   1
Write		10011000		100		1100		   0
Modify		11001010		110		0101		   0
Read		00110100		001		1010		   0
Modify		01110111		011		1011		   1
Flush		
Modify		11011011		110		1101		   1
Modify		01110000		011		1000		   0
Write		10000011		100		0001		   1
Modify		00000001		000		0000		   1
Modify		10000100		100		0010		   0
Read		00111111		001		1111		   1
Write		01101111		011		0111		   1
Modify		01011000		010		1100		   0
Modify		00001110		000		0111		   0
Read		10011011		100		1101		   1
Modify		01000000		010		0000		   0
Write		11100111		111		0011		   1
Write		00000011		000		0001		   1
Read		01100100		011		0010		   0
Read		11010011		110		1001		   1
Modify		01110010		011		1001		   0
Modify		00110011		001		1001		   1
Read		11011111		110		1111		   1
Write		10001001		100		0100		   1
Write		01011101		010		1110		   1
Write		00101110		001		0111		   0
Read		00110011		001		1001		   1
Read		11000110		110		0011		   0
Modify		00110010		001		1001		   0
Modify		11001101		110		0110		   1
Read		11101011		111		0101		   1
Modify		01110011		011		1001		   1
Modify		00011111		000		1111		   1
Write		10101010		101		0101		   0
Write		01110111		011		1011		   1
Read		01111101		011		1110		   1
Modify		01110101		011		1010		   1
Read		10100011		101		0001		   1
Read		10101011		101		0101		   1
Modify		01010100		010		1010		   0
Write		00101011		001		0101		   1
Modify		01011011		010		1101		   1
Read		00111110		001		1111		   0
Write		01101101		011		0110		   1
Read		01011001		010		1100		   1
Read		10111001		101		1100		   1
Modify		01001100		010		0110		   0
Write		11000000		110		0000		   0
Read		10111101		101		1110		   1
Write		01100111		011		0011		   1
Modify		11010101		110		1010		   1
Modify		01001010		010		0101		   0
Read		00111001		001		1100		   1
Write		01010100		010		1010		   0
Read		00111100		001		1110		   0
Read		10001101		100		0110		   1
Write		01010011		010		1001		   1
Write		00110010		001		1001		   0
Write		11001001		110		0100		   1
Write		00001011		000		0101		   1
Write		10110011		101		1001		   1
Write		11111001		111		1100		   1
Read		00100111		001		0011		   1
Modify		11001111		110		0111		   1
Write		10101001		101		0100		   1
Write		01100010		011		0001		   0
Write		11100110		111		0011		   0
Write		11100100		111		0010		   0
Modify		10100101		101		0010		   1
Read		01101101		011		0110		   1
Modify		11111010		111		1101		   0
Modify		11011011		110		1101		   1
Read		10111100		101		1110		   0
Write		11011100		110		1110		   0
Modify		00111010		001		1101		   0
Modify		01001001		010		0100		   1
Write		00101010		001		0101		   0
Write		10110110		101		1011		   0
Read		11100010		111		0001		   0
Modify		01000111		010		0011		   1
Write		11001011		110		0101		   1
Modify		11000101		110		0010		   1
Read		00010010		000		1001		   0
Modify		11110000		111		1000		   0
Modify		10100000		101		0000		   0
Modify		00010111		000		1011		   1
Read		01001101		010		0110		   1
Modify		11100111		111		0011		   1
Modify		01010000		010		1000		   0
Write		10000001		100		0000		   1
Modify		11111010		111		1101		   0
Modify		11001111		110		0111		   1
Write		10100101		101		0010		   1
Read		00010111		000		1011		   1
Write		11100111		111		0011		   1
Read		11010000		110		1000		   0
Modify		00001011		000		0101		   1
Write		10110101		101		1010		   1
Write		11000001		110		0000		   1
Write		00011001		000		1100		   1
Modify		00010100		000		1010		   0
Modify		01111010		011		1101		   0
Modify		10011101		100		1110		   1
Write		01011000		010		1100		   0
Write		11110110		111		1011		   0
Modify		01000111		010		0011		   1
Write		01110010		011		1001		   0
Read		01000100		010		0010		   0
Write		00001011		000		0101		   1
Read		01000101		010		0010		   1
Write		10011100		100		1110		   0
Write		00010100		000		1010		   0
Write		01010001		010		1000		   1
Read		01011100		010		1110		   0
Write		01011011		010		1101		   1
Read		00000100		000		0010		   0
Write		11101000		111		0100		   0
Read		10111101		101		1110		   1
Modify		01010010		010		1001		   0
Modify		11010111		110		1011		   1
Write		10010110		100		1011		   0
Read		01011001		010		1100		   1
Modify		00001001		000		0100		   1
Write		01010000		010		1000		   0
Write		01000110		010		0011		   0
Modify		01100111		011		0011		   1
Modify		01101011		011		0101		   1
Write		10111000		101		1100		   0
Write		10000101		100		0010		   1
Modify		11100010		111		0001		   0
Modify		01001000		010		0100		   0
Read		01011100		010		1110		   0
Modify		00000100		000		0010		   0
Read		00001001		000		0100		   1
Modify		11010100		110		1010		   0
Write		00001100		000		0110		   0
Modify		00011001		000		1100		   1
Modify		11011101		110		1110		   1
Write		00100110		001		0011		   0
Modify		10011100		100		1110		   0
Modify		00111101		001		1110		   1
Write		10100110		101		0011		   0
Read		10111011		101		1101		   1
Modify		01100111		011		0011		   1
Read		10001111		100		0111		   1
Modify		01101111		011		0111		   1
Modify		11110000		111		1000		   0
Write		11000111		110		0011		   1
Modify		01010000		010		1000		   0
Modify		10000101		100		0010		   1
Write		10001011		100		0101		   1
Write		10011110		100		1111		   0
Write		01100101		011		0010		   1
Modify		11111100		111		1110		   0
Read		00110011		001		1001		   1
Read		11010000		110		1000		   0
Read		11011000		110		1100		   0
Write		00101010		001		0101		   0
Modify		11110011		111		1001		   1
Write		11000111		110		0011		   1
Read		01010111		010		1011		   1
Write		00101001		001		0100		   1
Read		10111100		101		1110		   0
Read		11101101		111		0110		   1
Read		10110100		101		1010		   0
Write		01011010		010		1101		   0
Read		11100000		111		0000		   0
Read		00110110		001		1011		   0
Write		01100011		011		0001		   1
Write		11011101		110		1110		   1
Write		10010111		100		1011		   1
Write		10010100		100		1010		   0
Modify		11111111		111		1111		   1
Read		00011010		000		1101		   0
Write		01111101		011		1110		   1
Modify		10000000		100		0000		   0
Write		11000101		110		0010		   1
Read		00111011		001		1101		   1
Read		00010010		000		1001		   0
Modify		01111000		011		1100		   0
Read		00011000		000		1100		   0
Read		10101111		101		0111		   1
Write		00111001		001		1100		   1
Modify		01111011		011		1101		   1
Write		11111011		111		1101		   1
Read		10101001		101		0100		   1
Modify		10111010		101		1101		   0
Modify		10001110		100		0111		   0
Read		10011010		100		1101		   0
Read		10011110		100		1111		   0
Read		11000000		110		0000		   0
Read		00111011		001		1101		   1
Read		11000010		110		0001		   0
Read		11001011		110		0101		   1
Read		01011011		010		1101		   1
Read		00001101		000		0110		   1
Modify		01100100		011		0010		   0
Modify		10101101		101		0110		   1
Read		11111111		111		1111		   1
Read		00010110		000		1011		   0
Modify		00010110		000		1011		   0
Read		10000111		100		0011		   1
Write		00000100		000		0010		   0
Modify		01101001		011		0100		   1
Read		10010001		100		1000		   1
Read		11100000		111		0000		   0
Write		00100100		001		0010		   0
Read		10100000		101		0000		   0
Modify		00110100		001		1010		   0
Read		00000010		000		0001		   0
Modify		00000000		000		0000		   0
Flush		
Write		00001101		000		0110		   1
Read		01010101		010		1010		   1
Write		10000110		100		0011		   0
Write		10101111		101		0111		   1
Read		01110000		011		1000		   0
Write		10111101		101		1110		   1
Write		10000101		100		0010		   1
Write		10110010		101		1001		   0
Write		00100111		001		0011		   1
Read		10100000		101		0000		   0
Modify		10100100		101		0010		   0
Write		11100001		111		0000		   1
Read		10111000		101		1100		   0
Read		10110111		101		1011		   1
Modify		01010011		010		1001		   1
Modify		00101111		001		0111		   1
Write		10011101		100		1110		   1
Modify		01001011		010		0101		   1
Write		00110111		001		1011		   1
Read		01011111		010		1111		   1
Modify		11000100		110		0010		   0
Write		10111100		101		1110		   0
Read		10101001		101		0100		   1
Write		10001100		100		0110		   0
Modify		00010000		000		1000		   0
Read		11111101		111		1110		   1
Read		00110011		001		1001		   1
Modify		10100010		101		0001		   0
Read		11010111		110		1011		   1
Write		00010110		000		1011		   0
Write		00010110		000		1011		   0
Modify		11100010		111		0001		   0
Read		01100010		011		0001		   0
Write		10100000		101		0000		   0
Read		11000111		110		0011		   1
Read		01100001		011		0000		   1
Write		01110000		011		1000		   0
Modify		01001101		010		0110		   1
Read		01101101		011		0110		   1
Read		10001001		100		0100		   1
Write		10110100		101		1010		   0
Read		01011110		010		1111		   0
Modify		01100101		011		0010		   1
Write		10010111		100		1011		   1
Read		01010010		010		1001		   0
Read		00101010		001		0101		   0
Modify		10111110		101		1111		   0
Modify		00011011		000		1101		   1
Read		01100101		011		0010		   1
Write		10011110		100		1111		   0
Write		10111101		101		1110		   1
Modify		01111100		011		1110		   0
Write		01111100		011		1110		   0
Modify		10110111		101		1011		   1
Read		01011010		010		1101		   0
Modify		01110001		011		1000		   1
Write		00011000		000		1100		   0
Write		00001010		000		0101		   0
Modify		11000001		110		0000		   1
Write		10001001		100		0100		   1
Read		00110000		001		1000		   0
Read		00111101		001		1110		   1
Write		11010010		110		1001		   0
Modify		10100100		101		0010		   0
Write		10101101		101		0110		   1
Write		10001011		100		0101		   1
Read		10100001		101		0000		   1
Write		01110111		011		1011		   1
Modify		11101110		111		0111		   0
Read		01000100		010		0010		   0
Modify		11110111		111		1011		   1
Modify		00001100		000		0110		   0
Modify		01000110		010		0011		   0
Modify		01001010		010		0101		   0
Write		11001111		110		0111		   1
Modify		00111111		001		1111		   1
Modify		01111001		011		1100		   1
Read		10010101		100		1010		   1
Modify		11011010		110		1101		   0
Write		01000011		010		0001		   1
Modify		01000010		010		0001		   0
Modify		10110000		101		1000		   0
Read		11111100		111		1110		   0
Write		00011011		000		1101		   1
Modify		11010000		110		1000		   0
Write		00111010		001		1101		   0
Modify		11001100		110		0110		   0
Modify		00100001		001		0000		   1
Modify		01000101		010		0010		   1
Read		01100110		011		0011		   0
Modify		00011000		000		1100		   0
Read		10000011		100		0001		   1
Modify		00110101		001		1010		   1
Write		01111011		011		1101		   1
Write		01011111		010		1111		   1
Read		11000001		110		0000		   1
Modify		00101101		001		0110		   1
Write		01010101		010		1010		   1
Write		01010101		010		1010		   1
Modify		00110000		001		1000		   0
Modify		00101001		001		0100		   1
Write		11100010		111		0001		   0
Modify		01100010		011		0001		   0
Modify		01111010		011		1101		   0
Modify		00011101		000		1110		   1
Write		10100110		101		0011		   0
Write		00100011		001		0001		   1
Modify		00011011		000		1101		   1
Read		01101101		011		0110		   1
Modify		00110111		001		1011		   1
Read		11101000		111		0100		   0
Read		11100101		111		0010		   1
Write		01110101		011		1010		   1
Modify		11000010		110		0001		   0
Read		00110100		001		1010		   0
Modify		01111110		011		1111		   0
Write		00000010		000		0001		   0
Modify		10000100		100		0010		   0
Read		01000000		010		0000		   0
Modify		11011101		110		1110		   1
Modify		11010111		110		1011		   1
Modify		01010001		010		1000		   1
Modify		01111000		011		1100		   0
Modify		11010000		110		1000		   0
Modify		00101001		001		0100		   1
Write		00010001		000		1000		   1
Write		11111101		111		1110		   1
Read		01111001		011		1100		   1
Write		00100010		001		0001		   0
Read		00111110		001		1111		   0
Write		00100001		001		0000		   1
Write		11001100		110		0110		   0
Write		01100010		011		0001		   0
Read		01101000		011		0100		   0
Modify		11101111		111		0111		   1
Modify		00010011		000		1001		   1
Write		01111001		011		1100		   1
Write		10110001		101		1000		   1
Write		10100000		101		0000		   0
Write		01101010		011		0101		   0
Modify		01101111		011		0111		   1
Read		01010001		010		1000		   1
Read		00100110		001		0011		   0
Read		01000011		010		0001		   1
Modify		00111101		001		1110		   1
Modify		00010010		000		1001		   0
Read		10100101		101		0010		   1
Read		11100011		111		0001		   1
Read		01010001		010		1000		   1
Write		11010101		110		1010		   1
Modify		11110101		111		1010		   1
Modify		11100100		111		0010		   0
Read		00001110		000		0111		   0
Modify		00001100		000		0110		   0
Read		00100010		001		0001		   0
Write		10110001		101		1000		   1
Read		01001001		010		0100		   1
Write		00111110		001		1111		   0
Read		11101100		111		0110		   0
Read		00001101		000		0110		   1
Write		11001101		110		0110		   1
Modify		10000111		100		0011		   1
Modify		01000111		010		0011		   1
Modify		10001100		100		0110		   0
Read		11011000		110		1100		   0
Write		00010101		000		1010		   1
Read		11011100		110		1110		   0
Read		00010111		000		1011		   1
Read		10011011		100		1101		   1
Read		10101011		101		0101		   1
Write		10000110		100		0011		   0
Write		01101101		011		0110		   1
Read		10111110		101		1111		   0
Read		00100001		001		0000		   1
Modify		11010110		110		1011		   0
Write		10011101		100		1110		   1
Write		11011010		110		1101		   0
Write		11100011		111		0001		   1
Write		10010000		100		1000		   0
Read		10001101		100		0110		   1
Write		11111101		111		1110		   1
Write		01101110		011		0111		   0
Read		00101011		001		0101		   1
Read		01110110		011		1011		   0
Modify		00101010		001		0101		   0
Read		11010110		110		1011		   0
Write		01010101		010		1010		   1
Read		01100101		011		0010		   1
Modify		11010110		110		1011		   0
Modify		01000010		010		0001		   0
Read		01101101		011		0110		   1
Read		10111011		101		1101		   1
Modify		01101101		011		0110		   1
Modify		01101110		011		0111		   0
Read		00000111		000		0011		   1
Modify		10101110		101		0111		   0
Modify		11001010		110		0101		   0
Modify		00101001		001		0100		   1
Modify		01101011		011		0101		   1
Read		11000111		110		0011		   1
Write		11000010		110		0001		   0
Write		11010101		110		1010		   1
Modify		00010110		000		1011		   0
Modify		01100010		011		0001		   0
Write		10011010		100		1101		   0
Flush		
Read		00010101		000		1010		   1
Read		10010001		100		1000		   1
Modify		01111011		011		1101		   1
Write		00111100		001		1110		   0
Read		00110011		001		1001		   1
Modify		00010101		000		1010		   1
Modify		00100101		001		0010		   1
Modify		01011111		010		1111		   1
Read		11001101		110		0110		   1
Read		10010100		100		1010		   0
Write		10001101		100		0110		   1
Read		01011000		010		1100		   0
Read		01001000		010		0100		   0
Write		10101011		101		0101		   1
Modify		00101100		001		0110		   0
Write		01100010		011		0001		   0
Write		11001111		110		0111		   1
Read		11011000		110		1100		   0
Write		01111110		011		1111		   0
Write		11100001		111		0000		   1
Write		11010010		110		1001		   0
Modify		11111111		111		1111		   1
Write		10000011		100		0001		   1
Write		11011001		110		1100		   1
Read		10000001		100		0000		   1
Read		11101000		111		0100		   0
Modify		01000001		010		0000		   1
Write		01110100		011		1010		   0
Modify		01010101		010		1010		   1
Read		10111111		101		1111		   1
Read		01000000		010		0000		   0
Modify		10000000		100		0000		   0
Write		10001000		100		0100		   0
Read		10010010		100		1001		   0
Read		00001101		000		0110		   1
Modify		11101110		111		0111		   0
Read		10011000		100		1100		   0
Write		11010111		110		1011		   1
Modify		10110111		101		1011		   1
Modify		01010100		010		1010		   0
Modify		11001001		110		0100		   1
Modify		11100011		111		0001		   1
Modify		01010101		010		1010		   1
Read		01101100		011		0110		   0
Write		10100000		101		0000		   0
Write		01110100		011		1010		   0
Modify		01111110		011		1111		   0
Read		10010011		100		1001		   1
Write		01101000		011		0100		   0
Write		00101000		001		0100		   0
Write		11001111		110		0111		   1
Read		01001011		010		0101		   1
Read		10110000		101		1000		   0
Write		00000011		000		0001		   1
Read		01101001		011		0100		   1
Modify		10111001		101		1100		   1
Modify		11001011		110		0101		   1
Write		11101101		111		0110		   1
Read		01110000		011		1000		   0
Write		00101000		001		0100		   0
Write		01001110		010		0111		   0
Modify		00110010		001		1001		   0
Write		10001101		100		0110		   1
Write		10000100		100		0010		   0
Write		10010110		100		1011		   0
Write		00000000		000		0000		   0
Modify		01101101		011		0110		   1
Write		11100000		111		0000		   0
Write		01000000		010		0000		   0
Modify		11101101		111		0110		   1
Write		01000000		010		0000		   0
Write		11110001		111		1000		   1
Read		10101111		101		0111		   1
Modify		01101110		011		0111		   0
Modify		00111010		001		1101		   0
Read		10010000		100		1000		   0
Modify		10001010		100		0101		   0
Read		01100001		011		0000		   1
Read		00010110		000		1011		   0
Read		00111100		001		1110		   0
Read		00111011		001		1101		   1
Read		10000100		100		0010		   0
Modify		10001110		100		0111		   0
Write		10010101		100		1010		   1
Modify		01110001		011		1000		   1
Modify		11111011		111		1101		   1
Write		11100100		111		0010		   0
Write		11100011		111		0001		   1
Write		10011110		100		1111		   0
Write		11001110		110		0111		   0
Modify		01011101		010		1110		   1
Write		10001101		100		0110		   1
Write		01111010		011		1101		   0
Read		01101001		011		0100		   1
Write		11000000		110		0000		   0
Modify		10100010		101		0001		   0
Read		01111110		011		1111		   0
Read		00011011		000		1101		   1
Read		11011011		110		1101		   1
Modify		01010011		010		1001		   1
Modify		01101010		011		0101		   0
Write		10010111		100		1011		   1
Read		11111110		111		1111		   0
Write		01110110		011		1011		   0
Read		11000000		110		0000		   0
Modify		01110110		011		1011		   0
Write		01111110		011		1111		   0
Read		00000101		000		0010		   1
Read		01000110		010		0011		   0
Modify		10110010		101		1001		   0
Modify		00110100		001		1010		   0
Write		10011101		100		1110		   1
Read		10001000		100		0100		   0
Modify		00101100		001		0110		   0
Write		11111011		111		1101		   1
Modify		00000000		000		0000		   0
Write		01010100		010		1010		   0
Write		00101000		001		0100		   0
Write		00110110		001		1011		   0
Modify		10010100		100		1010		   0
Write		00111100		001		1110		   0
Modify		11001100		110		0110		   0
Modify		01001000		010		0100		   0
Write		11100010		111		0001		   0
Read		00010111		000		1011		   1
Read		10100100		101		0010		   0
Read		00011001		000		1100		   1
Write		00010111		000		1011		   1
Modify		10000000		100		0000		   0
Write		00100001		001		0000		   1
Read		10010111		100		1011		   1
Modify		10000110		100		0011		   0
Write		01010110		010		1011		   0
Read		00010110		000		1011		   0
Read		00110011		001		1001		   1
Write		00100100		001		0010		   0
Write		00111010		001		1101		   0
Read		00111001		001		1100		   1
Write		01100000		011		0000		   0
Write		00001010		000		0101		   0
Modify		00010101		000		1010		   1
Write		10101000		101		0100		   0
Modify		00011000		000		1100		   0
Modify		11110111		111		1011		   1
Write		10001111		100		0111		   1
Read		01100001		011		0000		   1
Modify		01010111		010		1011		   1
Read		11001011		110		0101		   1
Modify		10011001		100		1100		   1
Read		11001000		110		0100		   0
Read		10011110		100		1111		   0
Write		00001101		000		0110		   1
Read		11100100		111		0010		   0
Modify		00100110		001		0011		   0
Modify		01110001		011		1000		   1
Modify		01100111		011		0011		   1
Write		01100111		011		0011		   1
Modify		00100100		001		0010		   0
Modify		11011001		110		1100		   1
Write		00100101		001		0010		   1
Write		11011101		110		1110		   1
Write		01010100		010		1010		   0
Modify		11100010		111		0001		   0
Write		10111001		101		1100		   1
Modify		01000100		010		0010		   0
Write		10101000		101		0100		   0
Read		00011110		000		1111		   0
Modify		00111001		001		1100		   1
Read		01100000		011		0000		   0
Modify		11111001		111		1100		   1
Modify		00100001		001		0000		   1
Modify		11011111		110		1111		   1
Modify		00110110		001		1011		   0
Modify		10000010		100		0001		   0
Modify		00000011		000		0001		   1
Read		10001000		100		0100		   0
Read		10010001		100		1000		   1
Read		01100010		011		0001		   0
Read		11100001		111		0000		   1
Read		00110111		001		1011		   1
Read		10000000		100		0000		   0
Read		00011101		000		1110		   1
Read		01011100		010		1110		   0
Write		10001111		100		0111		   1
Read		11010110		110		1011		   0
Write		00011100		000		1110		   0
Modify		00011000		000		1100		   0
Modify		01011100		010		1110		   0
Write		10101001		101		0100		   1
Write		00101000		001		0100		   0
Read		00111110		001		1111		   0
Read		00001010		000		0101		   0
Modify		11010100		110		1010		   0
Read		11110011		111		1001		   1
Write		11111011		111		1101		   1
Modify		00101100		001		0110		   0
Modify		01110101		011		1010		   1
Write		10001111		100		0111		   1
Modify		11111111		111		1111		   1
Read		11110111		111		1011		   1
Write		01101111		011		0111		   1
Read		11110101		111		1010		   1
Read		11111111		111		1111		   1
Modify		11000101		110		0010		   1
Write		11101001		111		0100		   1
Modify		10000000		100		0000		   0
Modify		00110100		001		1010		   0
Read		10010010		100		1001		   0
Flush		
Modify		11010011		110		1001		   1
Modify		01111110		011		1111		   0
Read		10011110		100		1111		   0
Read		00101111		001		0111		   1
Write		00000100		000		0010		   0
Modify		01111101		011		1110		   1
Write		00100010		001		0001		   0
Modify		00000000		000		0000		   0
Read		11110110		111		1011		   0
Read		01010000		010		1000		   0
Write		01100111		011		0011		   1
Read		00100010		001		0001		   0
Modify		10000101		100		0010		   1
Modify		10110100		101		1010		   0
Modify		00010011		000		1001		   1
Modify		01101100		011		0110		   0
Modify		01000011		010		0001		   1
Read		10111100		101		1110		   0
Read		11000000		110		0000		   0
Write		01001000		010		0100		   0
Modify		11110001		111		1000		   1
Modify		01001011		010		0101		   1
Read		01111101		011		1110		   1
Write		00110110		001		1011		   0
Modify		00001010		000		0101		   0
Write		10011011		100		1101		   1
Modify		01001011		010		0101		   1
Write		01001010		010		0101		   0
Read		00111001		001		1100		   1
Read		10111010		101		1101		   0
Modify		10100000		101		0000		   0
Modify		10101010		101		0101		   0
Modify		11011110		110		1111		   0
Write		00000111		000		0011		   1
Modify		11100111		111		0011		   1
Read		00010001		000		1000		   1
Write		10001101		100		0110		   1
Modify		10111010		101		1101		   0
Modify		11111111		111		1111		   1
Write		01001110		010		0111		   0
Read		10001111		100		0111		   1
Modify		01011001		010		1100		   1
Modify		10111000		101		1100		   0
Write		11000110		110		0011		   0
Modify		01011111		010		1111		   1
Write		01000100		010		0010		   0
Write		01011001		010		1100		   1
Read		11101110		111		0111		   0
Read		00101110		001		0111		   0
Modify		00101010		001		0101		   0
Write		00011100		000		1110		   0
Modify		11010001		110		1000		   1
Read		01011111		010		1111		   1
Write		10010001		100		1000		   1
Read		10110000		101		1000		   0
Write		10010000		100		1000		   0
Write		00001100		000		0110		   0
Write		01010010		010		1001		   0
Read		10110110		101		1011		   0
Modify		11011101		110		1110		   1
Write		01111111		011		1111		   1
Read		00011011		000		1101		   1
Read		01000101		010		0010		   1
Write		01111111		011		1111		   1
Modify		10111010		101		1101		   0
Write		11101011		111		0101		   1
Read		01100110		011		0011		   0
Read		11010010		110		1001		   0
Modify		11110000		111		1000		   0
Read		10011010		100		1101		   0
Modify		10011001		100		1100		   1
Modify		01000100		010		0010		   0
Write		00001001		000		0100		   1
Write		01001110		010		0111		   0
Read		01001110		010		0111		   0
Modify		11011000		110		1100		   0
Read		00100010		001		0001		   0
Write		00000111		000		0011		   1
Write		01101100		011		0110		   0
Read		10100111		101		0011		   1
Read		00001010		000		0101		   0
Write		00010100		000		1010		   0
Write		11001110		110		0111		   0
Write		01011010		010		1101		   0
Read		11000110		110		0011		   0
Write		10011011		100		1101		   1
Modify		11000001		110		0000		   1
Read		10110001		101		1000		   1
Read		00001110		000		0111		   0
Read		00010101		000		1010		   1
Read		10000111		100		0011		   1
Modify		11111111		111		1111		   1
Modify		11001111		110		0111		   1
Write		11001111		110		0111		   1
Write		11010111		110		1011		   1
Modify		10101100		101		0110		   0
Modify		10100111		101		0011		   1
Modify		01101011		011		0101		   1
Write		01011011		010		1101		   1
Read		10110010		101		1001		   0
Read		01101011		011		0101		   1
Read		01011101		010		1110		   1
Modify		00110000		001		1000		   0
Read		00100000		001		0000		   0
Modify		10100100		101		0010		   0
Write		01101110		011		0111		   0
Modify		01101010		011		0101		   0
Write		10011010		100		1101		   0
Modify		00001110		000		0111		   0
Read		00111101		001		1110		   1
Modify		10001101		100		0110		   1
Modify		11010111		110		1011		   1
Read		00011000		000		1100		   0
Modify		10111001		101		1100		   1
Read		00010101		000		1010		   1
Write		00100010		001		0001		   0
Read		01100111		011		0011		   1
Modify		10101000		101		0100		   0
Write		11101111		111		0111		   1
Write		11011001		110		1100		   1
Read		01010010		010		1001		   0
Write		00100011		001		0001		   1
Read		11111101		111		1110		   1
Write		11110001		111		1000		   1
Write		01100111		011		0011		   1
Write		00010111		000		1011		   1
Write		10010110		100		1011		   0
Read		01110000		011		1000		   0
Modify		11100101		111		0010		   1
Read		11000101		110		0010		   1
Modify		00000100		000		0010		   0
Read		11110001		111		1000		   1
Read		01000000		010		0000		   0
Modify		01000011		010		0001		   1
Read		00000101		000		0010		   1
Read		00100100		001		0010		   0
Write		10100001		101		0000		   1
Write		11111010		111		1101		   0
Read		01001010		010		0101		   0
Read		01001100		010		0110		   0
Write		01100011		011		0001		   1
Write		00100110		001		0011		   0
Write		11111011		111		1101		   1
Write		10111111		101		1111		   1
Read		10010111		100		1011		   1
Modify		01011001		010		1100		   1
Read		00110001		001		1000		   1
Modify		01101001		011		0100		   1
Write		10000000		100		0000		   0
Modify		11111000		111		1100		   0
Read		01111010		011		1101		   0
Read		01001001		010		0100		   1
Read		00011000		000		1100		   0
Read		10111100		101		1110		   0
Modify		01011001		010		1100		   1
Read		11110010		111		1001		   0
Modify		10001001		100		0100		   1
Read		00110010		001		1001		   0
Write		11000011		110		0001		   1
Write		00001011		000		0101		   1
Read		10110101		101		1010		   1
Read		00111011		001		1101		   1
Write		10100011		101		0001		   1
Write		11010000		110		1000		   0
Write		10101110		101		0111		   0
Write		10001101		100		0110		   1
Modify		01010111		010		1011		   1
Write		10001111		100		0111		   1
Read		00111111		001		1111		   1
Modify		00110001		001		1000		   1
Modify		00110000		001		1000		   0
Write		00101100		001		0110		   0
Write		01100001		011		0000		   1
Read		00000011		000		0001		   1
Modify		11110110		111		1011		   0
Read		10011110		100		1111		   0
Read		11000111		110		0011		   1
Write		00110100		001		1010		   0
Read		01100010		011		0001		   0
Modify		01101111		011		0111		   1
Read		01010011		010		1001		   1
Modify		11001011		110		0101		   1
Read		10100011		101		0001		   1
Write		01000000		010		0000		   0
Write		10011110		100		1111		   0
Write		00100000		001		0000		   0
Modify		11011001		110		1100		   1
Write		01000010		010		0001		   0
Modify		01110100		011		1010		   0
Read		01100000		011		0000		   0
Modify		10011101		100		1110		   1
Modify		10111110		101		1111		   0
Write		01010101		010		1010		   1
Modify		00001100		000		0110		   0
